20119005    0
20119007    1
20119008    2
20119009    3
20119010    4
20119011    5
20119012    6
20119013    7
20119014    8
20119015    9
20119016    10
20119017    11
20119019    12
20119020    13
20119021    14
20119022    15
20119023    16
20119024    17
20119025    18
20119026    19
20119028    20
20119053    21
20119054    22
20119055    23
20120001    24
20120002    25
20120003    26
20120004    27
20120005    28
20120006    29
20120007    30
20120008    31
20120010    32
20120011    33
20120012    34
20120014    35
20120015    36
20120016    37
20120017    38
20120018    39
20120019    40
20120020    41
20120021    42
20120022    43
20120027    44
20120028    45
20120029    46
20120032    47
20120033    48
20120034    49
20120035    50
20120036    51
20120037    52
20120038    53
20120039    54
20120040    55
20120041    56
20120042    57
20120045    58
20120046    59
20120047    60
20120048    61
20120049    62
20120050    63
20121001    64
20121002    65
20121003    66
20121004    67
20121005    68
20121006    69
20121007    70
20121008    71
20121010    72
20121011    73
20121012    74
20121013    75
20121015    76
20121017    77
20121018    78
20121019    79
20121020    80
20121021    81
20121047    82
20122001    83
20122002    84
20122003    85
20122004    86
20122005    87
20122006    88
20122007    89
20122008    90
20122009    91
20122010    92
20122011    93
20122012    94
20122013    95
20122014    96
20122015    97
20122016    98
20122018    99
20122019    100
20122020    101
20122021    102
20122022    103
20122023    104
20122024    105
20122025    106
20122038    107
20123002    108
20123004    109
20123005    110
20123006    111
20123007    112
20123008    113
20123009    114
20123010    115
20123011    116
20123012    117
20123013    118
20123014    119
20123015    120
20123016    121
20123017    122
20123018    123
20123038    124
20123041    125
20123042    126
20123043    127
20124001    128
20124002    129
20124003    130
20124004    131
20124005    132
20124006    133
20124007    134
20124010    135
20124011    136
20124012    137
20124013    138
20124014    139
20124015    140
20124016    141
20124017    142
20124018    143
20124019    144
20124020    145
20124021    146
20124022    147
20124023    148
20124029    149
20124030    150
20124037    151
20124039    152
20124040    153
20124041    154
20124042    155
20124043    156
20124044    157
20124045    158
20124046    159
20124051    160
20124056    161
20124058    162
20124059    163
20124060    164
20124061    165
20124062    166
20124063    167
20124064    168
20124065    169
20124066    170
20124067    171
20124068    172
20124069    173
20124070    174
20124071    175
20124072    176
20124073    177
20124074    178
20124076    179
20124077    180
20124078    181
20124079    182
20125002    183
20125003    184
20125004    185
20125005    186
20125006    187
20125007    188
20125008    189
20125009    190
20125010    191
20125012    192
20125013    193
20125014    194
20125015    195
20125016    196
20125017    197
20125018    198
20125019    199
20125020    200
20125022    201
20125023    202
20125024    203
20125025    204
20125026    205
20125027    206
20125028    207
20125029    208
20125032    209
20125033    210
20125034    211
20125035    212
20125036    213
20125037    214
20125038    215
20125039    216
20125040    217
20125041    218
20125042    219
20125043    220
20125044    221
20125046    222
20125047    223
20125048    224
20125049    225
20125050    226
20125051    227
20125052    228
20125053    229
20125054    230
20125055    231
20125056    232
20125057    233
20125058    234
20125059    235
20126007    236
20126008    237
20126009    238
20126010    239
20126012    240
20126013    241
20126014    242
20126015    243
20126016    244
20126017    245
20126018    246
20126019    247
20126020    248
20126021    249
20126022    250
20126023    251
20126024    252
20126025    253
20126026    254
20126027    255
20126028    256
20126029    257
20127006    258
20127007    259
20127008    260
20127010    261
20127011    262
20127012    263
20127020    264
20127021    265
20127022    266
20127023    267
20127024    268
20127025    269
20127026    270
20127027    271
20127028    272
20127030    273
20127031    274
20127032    275
20127035    276
20127036    277
20127037    278
20127038    279
20127039    280
20127040    281
20127041    282
20127042    283
20127043    284
20127044    285
20127045    286
20127046    287
20127047    288
20127048    289
20127049    290
20127050    291
20127051    292
20127052    293
20127053    294
20127055    295
20127056    296
20127057    297
20127058    298
20127059    299
20127060    300
20127061    301
20127062    302
20127065    303
20127066    304
20127067    305
20127069    306
20127070    307
20127071    308
20127072    309
20127073    310
20127074    311
20127076    312
20127077    313
20128001    314
20128002    315
20128003    316
20128004    317
20128006    318
20128007    319
20128008    320
20128009    321
20128010    322
20128011    323
20128013    324
20128014    325
20128015    326
20128016    327
20128017    328
20128020    329
20128043    330
20128044    331
20128045    332
20128046    333
20128047    334
20128048    335
20128049    336
20128050    337
20128051    338
20128052    339
20128053    340
20129001    341
20129002    342
20129003    343
20129004    344
20129005    345
20129006    346
20129007    347
20129008    348
20129009    349
20129010    350
20129011    351
20129012    352
20129013    353
20130001    354
20130003    355
20130004    356
20130005    357
20130006    358
20130007    359
20130008    360
20130009    361
20130011    362
20130012    363
20130013    364
20130014    365
20130015    366
20130016    367
20130017    368
20130018    369
20130040    370
20131001    371
20131002    372
20131003    373
20131004    374
20131005    375
20131006    376
20131007    377
20131008    378
20131009    379
20131010    380
20131011    381
20131012    382
20131013    383
20131014    384
20131015    385
20131016    386
20131017    387
20131019    388
20131020    389
20131022    390
20131023    391
20131025    392
20131026    393
20131027    394
20131028    395
20131029    396
20131030    397
20131031    398
20131033    399
20131034    400
20131037    401
20131038    402
20131039    403
20131040    404
20131041    405
20131042    406
20131043    407
20131044    408
20131045    409
20131046    410
20131047    411
20132001    412
20132002    413
20132003    414
20132004    415
20132005    416
20132006    417
20132007    418
20132008    419
20132009    420
20132010    421
20132011    422
20132012    423
20132013    424
20132014    425
20132015    426
20132016    427
20132017    428
20132018    429
20132019    430
20132020    431
20132021    432
20132023    433
20132024    434
20132025    435
20132026    436
20132028    437
20132029    438
20132030    439
20132033    440
20132034    441
20132035    442
20132036    443
20132037    444
20132038    445
20132039    446
20132040    447
20132043    448
20132044    449
20132047    450
20132048    451
20132049    452
20132050    453
20132053    454
20132054    455
20132056    456
20132057    457
20132058    458
20132059    459
20133001    460
20133002    461
20133003    462
20133004    463
20133005    464
20133006    465
20133007    466
20133008    467
20133009    468
20133010    469
20133011    470
20133012    471
20133014    472
20133015    473
20133016    474
20133017    475
20133018    476
20133019    477
20133020    478
20133021    479
20134001    480
20134002    481
20134007    482
20134008    483
20134009    484
20134010    485
20134011    486
20134012    487
20134013    488
20134014    489
20134018    490
20134019    491
20134020    492
20134021    493
20134024    494
20134025    495
20134026    496
20134030    497
20134034    498
20134035    499
20134036    500
20134037    501
20134038    502
20134039    503
20134040    504
20134042    505
20134043    506
20134044    507
20134045    508
20134046    509
20134047    510
20134048    511
20134049    512
20134050    513
20134051    514
20134052    515
20134053    516
20134054    517
20134055    518
20134056    519
20135001    520
20135002    521
20135003    522
20135004    523
20135005    524
20135006    525
20135007    526
20135008    527
20135009    528
20135010    529
20135011    530
20135012    531
20136001    532
20136002    533
20136003    534
20136004    535
20136005    536
20136006    537
20136007    538
20136008    539
20136009    540
20136012    541
20137002    542
20137003    543
20137004    544
20137005    545
20137006    546
20137007    547
20137008    548
20137009    549
20137010    550
20137011    551
20137012    552
20137013    553
20137015    554
20137017    555
20137044    556
20137045    557
20138001    558
20138002    559
20138003    560
20138004    561
20138005    562
20138006    563
20138007    564
20138008    565
20138009    566
20138010    567
20138013    568
20138015    569
20138016    570
20138017    571
20138018    572
20138025    573
20138027    574
20138029    575
20138030    576
20138033    577
20138034    578
20138035    579
20138036    580
20138037    581
20138038    582
20138039    583
20138040    584
20138042    585
20138043    586
20139001    587
20139002    588
20139004    589
20139006    590
20139007    591
20139008    592
20139009    593
20139010    594
20139011    595
20139015    596
20139018    597
20139019    598
20139021    599
20139022    600
20139024    601
20139025    602
20139026    603
20139027    604
20139028    605
20139029    606
20139032    607
20139033    608
20139034    609
20139035    610
20139036    611
20139037    612
20140001    613
20140002    614
20140003    615
20140004    616
20140005    617
20140007    618
20141002    619
20141003    620
20141004    621
20141005    622
20141006    623
20141007    624
20141008    625
20141009    626
20141010    627
20141011    628
20141012    629
20141013    630
20141014    631
20141016    632
20141017    633
20141019    634
20141020    635
20141024    636
20141025    637
20141026    638
20141028    639
20141029    640
20141031    641
20141032    642
20141033    643
20142001    644
20142002    645
20142005    646
20142006    647
20142007    648
20142008    649
20142054    650
20142055    651
20142057    652
20142059    653
20142061    654
20142063    655
20143001    656
20143003    657
20143004    658
20143006    659
20143007    660
20143009    661
20143010    662
20144003    663
20144004    664
20144005    665
20144007    666
20144008    667
20144009    668
20144010    669
20144011    670
20144012    671
20144038    672
20145004    673
20145005    674
20145006    675
20145007    676
20145011    677
20145020    678
20145021    679
20145022    680
20145024    681
20145026    682
20145027    683
20145028    684
20145029    685
20145030    686
20145033    687
20145038    688
20145039    689
20145040    690
20145041    691
20145042    692
20146003    693
20146004    694
20146009    695
20146010    696
20146011    697
20146012    698
20146013    699
20146014    700
20146015    701
20146016    702
20146017    703
20146018    704
20146019    705
20146020    706
20146021    707
20146022    708
20146023    709
20146024    710
20146025    711
20146026    712
20146029    713
20146030    714
20147001    715
20147002    716
20147003    717
20147004    718
20147005    719
20147006    720
20147007    721
20147008    722
20147012    723
20147013    724
20147014    725
20147016    726
20147017    727
20147018    728
20147019    729
20147021    730
20147022    731
20147028    732
20147029    733
20147030    734
20147031    735
20147032    736
20148001    737
20148002    738
20148003    739
20148004    740
20148005    741
20148007    742
20148008    743
20148009    744
20148010    745
20148012    746
